0 1 90.80096628679762
1 0 90.80096628679762
0 2 88.99723972983995
2 0 88.99723972983995
0 3 96.0632000720948
3 0 96.0632000720948
0 4 114.25595357445874
4 0 114.25595357445874
0 5 117.94769750538634
5 0 117.94769750538634
0 6 35.8844015516914
6 0 35.8844015516914
0 7 39.40180723647303
7 0 39.40180723647303
0 8 111.31719785557459
8 0 111.31719785557459
0 9 105.70465658870837
9 0 105.70465658870837
0 10 36.74568537739134
10 0 36.74568537739134
0 11 134.77858765844854
11 0 134.77858765844854
0 12 183.80263542157465
12 0 183.80263542157465
0 13 92.44219760630948
13 0 92.44219760630948
0 14 99.78228025653495
14 0 99.78228025653495
0 15 130.96949565021444
15 0 130.96949565021444
0 16 26.21150897593384
16 0 26.21150897593384
0 17 79.35875074148598
17 0 79.35875074148598
0 18 120.75128259293908
18 0 120.75128259293908
0 19 106.30843125221364
19 0 106.30843125221364
0 20 48.008258572957494
20 0 48.008258572957494
0 21 29.854545815034378
21 0 29.854545815034378
0 22 149.07371339261863
22 0 149.07371339261863
0 23 115.34476148716315
23 0 115.34476148716315
0 24 149.39230832211712
24 0 149.39230832211712
0 25 32.39093297661581
25 0 32.39093297661581
0 26 112.42001260708152
26 0 112.42001260708152
0 27 116.50117481462664
27 0 116.50117481462664
0 28 38.41017471415551
28 0 38.41017471415551
0 29 40.1594397382213
29 0 40.1594397382213
0 30 161.24915214768447
30 0 161.24915214768447
0 31 86.90453332667919
31 0 86.90453332667919
0 32 27.008438000543457
32 0 27.008438000543457
0 33 28.375903455646363
33 0 28.375903455646363
0 34 91.90074352559532
34 0 91.90074352559532
0 35 122.50060044724746
35 0 122.50060044724746
0 36 123.02644691715265
36 0 123.02644691715265
0 37 139.99366083342423
37 0 139.99366083342423
0 38 97.32611250520013
38 0 97.32611250520013
0 39 31.4012609422163
39 0 31.4012609422163
0 40 125.73065777428859
40 0 125.73065777428859
0 41 114.7149422469839
41 0 114.7149422469839
0 42 37.664763220849856
42 0 37.664763220849856
0 43 149.30390155720613
43 0 149.30390155720613
0 44 101.22757648446411
44 0 101.22757648446411
0 45 56.977611384179454
45 0 56.977611384179454
0 46 91.49089564010568
46 0 91.49089564010568
0 47 102.18578154516338
47 0 102.18578154516338
0 48 183.40982210257636
48 0 183.40982210257636
0 49 95.78669183659412
49 0 95.78669183659412
0 50 84.47723018093862
50 0 84.47723018093862
0 51 104.29747409030607
51 0 104.29747409030607
0 52 38.235518148612954
52 0 38.235518148612954
0 53 251.60246013097228
53 0 251.60246013097228
0 54 180.25160041082518
54 0 180.25160041082518
0 55 97.47675922457753
55 0 97.47675922457753
0 56 30.069785565806615
56 0 30.069785565806615
0 57 103.72266834288799
57 0 103.72266834288799
0 58 103.00239974340026
58 0 103.00239974340026
0 59 112.5427164075642
59 0 112.5427164075642
0 60 190.0630230147493
60 0 190.0630230147493
0 61 47.25484046772061
61 0 47.25484046772061
0 62 111.2590417312138
62 0 111.2590417312138
0 63 111.6722317768626
63 0 111.6722317768626
0 64 181.41867645248823
64 0 181.41867645248823
0 65 79.24483112803885
65 0 79.24483112803885
0 66 31.065727055089024
66 0 31.065727055089024
0 67 108.78300914923051
67 0 108.78300914923051
0 68 106.46566615242206
68 0 106.46566615242206
0 69 116.31133065333152
69 0 116.31133065333152
0 70 267.69161760936606
70 0 267.69161760936606
0 71 40.35767510982923
71 0 40.35767510982923
0 72 51.13188679740297
72 0 51.13188679740297
0 73 198.56501344863617
73 0 198.56501344863617
0 74 37.49430045200347
74 0 37.49430045200347
0 75 202.14741449336861
75 0 202.14741449336861
0 76 48.287163456256984
76 0 48.287163456256984
0 77 45.11405512066646
77 0 45.11405512066646
0 78 97.18205069646069
78 0 97.18205069646069
0 79 55.662852143278656
79 0 55.662852143278656
0 80 102.49926751323147
80 0 102.49926751323147
0 81 85.08090879726822
81 0 85.08090879726822
0 82 106.85700176013708
82 0 106.85700176013708
0 83 115.11412166956922
83 0 115.11412166956922
0 84 111.37922849171126
84 0 111.37922849171126
0 85 313.5678506281877
85 0 313.5678506281877
0 86 50.94097882928598
86 0 50.94097882928598
0 87 37.821924465085914
87 0 37.821924465085914
0 88 96.80740980024191
88 0 96.80740980024191
0 89 82.89573524731408
89 0 82.89573524731408
0 90 93.67251429530478
90 0 93.67251429530478
0 91 198.54178076309339
91 0 198.54178076309339
0 92 199.65125918899733
92 0 199.65125918899733
0 93 104.33309777922838
93 0 104.33309777922838
0 94 109.09031878818129
94 0 109.09031878818129
0 95 73.14227959158083
95 0 73.14227959158083
0 96 18.177632471779212
96 0 18.177632471779212
0 97 23.477598987321283
97 0 23.477598987321283
0 98 22.613767617206616
98 0 22.613767617206616
0 99 96.2739328257467
99 0 96.2739328257467
1 2 22.417242600703478
2 1 22.417242600703478
1 3 15.805990342391937
3 1 15.805990342391937
1 4 32.230327114093654
4 1 32.230327114093654
1 5 34.69502749081476
5 1 34.69502749081476
1 6 102.02965300398232
6 1 102.02965300398232
1 7 107.67497033313708
7 1 107.67497033313708
1 8 28.128829063247185
8 1 28.128829063247185
1 9 31.158659518326367
9 1 31.158659518326367
1 10 102.31224843448409
10 1 102.31224843448409
1 11 49.56646034418881
11 1 49.56646034418881
1 12 101.07106731807107
12 1 101.07106731807107
1 13 13.796291790448597
13 1 13.796291790448597
1 14 29.792614648504603
14 1 29.792614648504603
1 15 44.33516228357629
15 1 44.33516228357629
1 16 79.0681675519983
16 1 79.0681675519983
1 17 20.434067111169238
17 1 20.434067111169238
1 18 35.760101487327525
18 1 35.760101487327525
1 19 27.494673066691885
19 1 27.494673066691885
1 20 112.73465282454615
20 1 112.73465282454615
1 21 97.0192400832646
21 1 97.0192400832646
1 22 66.35826574267598
22 1 66.35826574267598
1 23 41.802885639792194
23 1 41.802885639792194
1 24 73.90997090497874
24 1 73.90997090497874
1 25 96.28144077918087
25 1 96.28144077918087
1 26 29.509852422410177
26 1 29.509852422410177
1 27 35.25192900444829
27 1 35.25192900444829
1 28 102.35547993741342
28 1 102.35547993741342
1 29 76.34730830660108
29 1 76.34730830660108
1 30 79.15976704656512
30 1 79.15976704656512
1 31 18.767831868843043
31 1 18.767831868843043
1 32 66.91679156206168
32 1 66.91679156206168
1 33 89.36428888442713
33 1 89.36428888442713
1 34 21.163430166796335
34 1 21.163430166796335
1 35 38.1921259377076
35 1 38.1921259377076
1 36 40.694687371025
36 1 40.694687371025
1 37 63.77821432896246
37 1 63.77821432896246
1 38 22.60708288995765
38 1 22.60708288995765
1 39 89.14923996056491
39 1 89.14923996056491
1 40 41.92513103841611
40 1 41.92513103841611
1 41 33.51307334430309
41 1 33.51307334430309
1 42 68.36262883402718
42 1 68.36262883402718
1 43 69.77236121072477
43 1 69.77236121072477
1 44 17.10913767566064
44 1 17.10913767566064
1 45 70.44276248960341
45 1 70.44276248960341
1 46 18.91393558592539
46 1 18.91393558592539
1 47 19.197369584514632
47 1 19.197369584514632
1 48 102.07684514130649
48 1 102.07684514130649
1 49 26.524311336236853
49 1 26.524311336236853
1 50 11.461242242299017
50 1 11.461242242299017
1 51 29.803694169271335
51 1 29.803694169271335
1 52 93.4804466035318
52 1 93.4804466035318
1 53 172.99001017421222
53 1 172.99001017421222
1 54 105.81241731558971
54 1 105.81241731558971
1 55 22.85213235745178
55 1 22.85213235745178
1 56 100.33074886765691
56 1 100.33074886765691
1 57 28.09399228154627
57 1 28.09399228154627
1 58 30.65409988285339
58 1 30.65409988285339
1 59 28.604027366853224
59 1 28.604027366853224
1 60 107.48399062352988
60 1 107.48399062352988
1 61 100.30237922243394
61 1 100.30237922243394
1 62 31.994016727590477
62 1 31.994016727590477
1 63 28.19228716628331
63 1 28.19228716628331
1 64 103.64465724164054
64 1 103.64465724164054
1 65 19.51790377875348
65 1 19.51790377875348
1 66 99.04967664736522
66 1 99.04967664736522
1 67 28.05727315921394
67 1 28.05727315921394
1 68 24.477893172130017
68 1 24.477893172130017
1 69 36.15206299388935
69 1 36.15206299388935
1 70 197.59757983750697
70 1 197.59757983750697
1 71 94.4637431688686
71 1 94.4637431688686
1 72 95.72891891781906
72 1 95.72891891781906
1 73 125.6222136412213
73 1 125.6222136412213
1 74 110.70041735710635
74 1 110.70041735710635
1 75 124.16650884854477
75 1 124.16650884854477
1 76 115.1231008220584
76 1 115.1231008220584
1 77 100.53178575701769
77 1 100.53178575701769
1 78 23.702751548602407
78 1 23.702751548602407
1 79 60.41044352089169
79 1 60.41044352089169
1 80 20.634103625927477
80 1 20.634103625927477
1 81 11.12067344118586
81 1 11.12067344118586
1 82 26.491702087594383
82 1 26.491702087594383
1 83 32.05290176346571
83 1 32.05290176346571
1 84 30.94183049397511
84 1 30.94183049397511
1 85 244.97216291518845
85 1 244.97216291518845
1 86 67.00444961438674
86 1 67.00444961438674
1 87 81.28533228901904
87 1 81.28533228901904
1 88 11.107626280931566
88 1 11.107626280931566
1 89 11.690091862095572
89 1 11.690091862095572
1 90 20.57940373483094
90 1 20.57940373483094
1 91 122.52860151446527
91 1 122.52860151446527
1 92 124.69747256684288
92 1 124.69747256684288
1 93 30.00162627189545
93 1 30.00162627189545
1 94 31.145386789905057
94 1 31.145386789905057
1 95 27.657685295720945
95 1 27.657685295720945
1 96 88.64865392903977
96 1 88.64865392903977
1 97 76.38405652687335
97 1 76.38405652687335
1 98 74.18976001845084
98 1 74.18976001845084
1 99 21.794933851092512
99 1 21.794933851092512
2 3 17.914783300831964
3 2 17.914783300831964
2 4 32.90724572982711
4 2 32.90724572982711
2 5 30.207698670320106
5 2 30.207698670320106
2 6 102.91586419784295
6 2 102.91586419784295
2 7 108.46008444228687
7 2 108.46008444228687
2 8 30.1409126429313
8 2 30.1409126429313
2 9 26.44809422583679
9 2 26.44809422583679
2 10 104.11771700617275
10 2 104.11771700617275
2 11 46.974478928858346
11 2 46.974478928858346
2 12 101.10977298417907
12 2 101.10977298417907
2 13 16.18562336874861
13 2 16.18562336874861
2 14 25.18638486124769
14 2 25.18638486124769
2 15 41.90323198257683
15 2 41.90323198257683
2 16 79.88900475626389
16 2 79.88900475626389
2 17 19.232657340574903
17 2 19.232657340574903
2 18 36.73577171573992
18 2 36.73577171573992
2 19 35.08159853367598
19 2 35.08159853367598
2 20 113.415852040608
20 2 113.415852040608
2 21 97.09504339593194
21 2 97.09504339593194
2 22 62.63552338726734
22 2 62.63552338726734
2 23 37.09555610249385
23 2 37.09555610249385
2 24 68.41697887567456
24 2 68.41697887567456
2 25 99.53261125625009
25 2 99.53261125625009
2 26 26.411817031281945
26 2 26.411817031281945
2 27 34.31529687650931
27 2 34.31529687650931
2 28 95.69164422813485
28 2 95.69164422813485
2 29 84.47124810952533
29 2 84.47124810952533
2 30 77.71419038595326
30 2 77.71419038595326
2 31 11.907609950423238
31 2 11.907609950423238
2 32 68.67770183514975
32 2 68.67770183514975
2 33 90.35124587941556
33 2 90.35124587941556
2 34 10.89048993293753
34 2 10.89048993293753
2 35 41.37342247217956
35 2 41.37342247217956
2 36 36.37024075271862
36 2 36.37024075271862
2 37 66.52119068891739
37 2 66.52119068891739
2 38 26.191297043620498
38 2 26.191297043620498
2 39 87.91734731321591
39 2 87.91734731321591
2 40 43.303530879574595
40 2 43.303530879574595
2 41 32.34552636448519
41 2 32.34552636448519
2 42 67.22103208870472
42 2 67.22103208870472
2 43 65.91910598060872
43 2 65.91910598060872
2 44 18.377129329836364
44 2 18.377129329836364
2 45 72.98425893503531
45 2 72.98425893503531
2 46 9.92571365249977
46 2 9.92571365249977
2 47 26.314757570845213
47 2 26.314757570845213
2 48 100.70631875842967
48 2 100.70631875842967
2 49 19.828704290557837
49 2 19.828704290557837
2 50 18.497455520171908
50 2 18.497455520171908
2 51 23.652553597670224
51 2 23.652553597670224
2 52 91.43458531977856
52 2 91.43458531977856
2 53 172.14381065575142
53 2 172.14381065575142
2 54 102.05584664937119
54 2 102.05584664937119
2 55 15.976190838816402
55 2 15.976190838816402
2 56 101.00072492468594
56 2 101.00072492468594
2 57 26.710990365775103
57 2 26.710990365775103
2 58 27.5169678818007
58 2 27.5169678818007
2 59 26.748295212407815
59 2 26.748295212407815
2 60 105.6342016029269
60 2 105.6342016029269
2 61 99.7268622081358
61 2 99.7268622081358
2 62 25.707267519298423
62 2 25.707267519298423
2 63 33.72700827054364
63 2 33.72700827054364
2 64 99.16558197101763
64 2 99.16558197101763
2 65 19.107430382165685
65 2 19.107430382165685
2 66 98.73086939400366
66 2 98.73086939400366
2 67 30.126936552010637
67 2 30.126936552010637
2 68 27.48948467032874
68 2 27.48948467032874
2 69 38.51314392007718
69 2 38.51314392007718
2 70 202.5979834075741
70 2 202.5979834075741
2 71 91.37804446961934
71 2 91.37804446961934
2 72 97.45777187251616
72 2 97.45777187251616
2 73 121.01216378933209
73 2 121.01216378933209
2 74 110.60876314412779
74 2 110.60876314412779
2 75 122.67798216953369
75 2 122.67798216953369
2 76 116.1981850465843
76 2 116.1981850465843
2 77 103.83579002062642
77 2 103.83579002062642
2 78 19.8556400680989
78 2 19.8556400680989
2 79 54.543394206758606
79 2 54.543394206758606
2 80 28.358133972314917
80 2 28.358133972314917
2 81 14.15819710208438
81 2 14.15819710208438
2 82 23.990045828117957
82 2 23.990045828117957
2 83 28.824366310419776
83 2 28.824366310419776
2 84 30.64617705930153
84 2 30.64617705930153
2 85 249.63110256172598
85 2 249.63110256172598
2 86 70.0317484886649
86 2 70.0317484886649
2 87 80.53358619066297
87 2 80.53358619066297
2 88 15.692770906112614
88 2 15.692770906112614
2 89 12.748710581209188
89 2 12.748710581209188
2 90 18.987098281186686
90 2 18.987098281186686
2 91 119.48620992880096
91 2 119.48620992880096
2 92 122.23892770604245
92 2 122.23892770604245
2 93 25.634575425936106
93 2 25.634575425936106
2 94 24.303067278507804
94 2 24.303067278507804
2 95 32.193505369981544
95 2 32.193505369981544
2 96 88.64703170125361
96 2 88.64703170125361
2 97 73.3453365533748
97 2 73.3453365533748
2 98 72.4476565782926
98 2 72.4476565782926
2 99 26.424444036305946
99 2 26.424444036305946
3 4 30.759775715115975
4 3 30.759775715115975
3 5 27.662410457964025
5 3 27.662410457964025
3 6 108.38401572301397
6 3 108.38401572301397
3 7 114.17526172508754
7 3 114.17526172508754
3 8 21.32684921206983
8 3 21.32684921206983
3 9 25.216957457332867
9 3 25.216957457332867
3 10 108.9500351988531
10 3 108.9500351988531
3 11 42.390667376817674
11 3 42.390667376817674
3 12 94.61489701035909
12 3 94.61489701035909
3 13 21.647127652026803
13 3 21.647127652026803
3 14 18.76971181796466
14 3 18.76971181796466
3 15 34.99782579080151
15 3 34.99782579080151
3 16 83.10562944169111
16 3 83.10562944169111
3 17 34.28467222251347
17 3 34.28467222251347
3 18 33.08181540808313
18 3 33.08181540808313
3 19 25.996003059419376
19 3 25.996003059419376
3 20 118.59127021836866
20 3 118.59127021836866
3 21 102.01757080596961
21 3 102.01757080596961
3 22 54.81900656917862
22 3 54.81900656917862
3 23 34.409901132247974
23 3 34.409901132247974
3 24 62.16780490708221
24 3 62.16780490708221
3 25 105.48173657852486
25 3 105.48173657852486
3 26 26.976342552212753
26 3 26.976342552212753
3 27 31.752015205085684
27 3 31.752015205085684
3 28 99.07456033438463
28 3 99.07456033438463
3 29 83.73808368764226
29 3 83.73808368764226
3 30 73.5174228004281
30 3 73.5174228004281
3 31 25.880684292763107
31 3 25.880684292763107
3 32 72.14055967782305
32 3 72.14055967782305
3 33 95.46771293693641
33 3 95.46771293693641
3 34 6.146624056173351
34 3 6.146624056173351
3 35 33.433764492217904
35 3 33.433764492217904
3 36 32.473790802747466
36 3 32.473790802747466
3 37 60.97780592757313
37 3 60.97780592757313
3 38 15.220324730774964
38 3 15.220324730774964
3 39 93.64017341127155
39 3 93.64017341127155
3 40 40.601405976193355
40 3 40.601405976193355
3 41 28.34572194671862
41 3 28.34572194671862
3 42 71.25590682352558
42 3 71.25590682352558
3 43 58.102581532483306
43 3 58.102581532483306
3 44 10.137507934588724
44 3 10.137507934588724
3 45 77.36412435374
45 3 77.36412435374
3 46 10.334542838245591
46 3 10.334542838245591
3 47 24.36987778262675
47 3 24.36987778262675
3 48 91.02612091566392
48 3 91.02612091566392
3 49 22.687755857477445
49 3 22.687755857477445
3 50 26.892958662973786
50 3 26.892958662973786
3 51 19.93155372225222
51 3 19.93155372225222
3 52 99.95204325651686
52 3 99.95204325651686
3 53 165.6799057708833
53 3 165.6799057708833
3 54 93.40724096820513
54 3 93.40724096820513
3 55 10.773734459091214
55 3 10.773734459091214
3 56 104.49048317191092
56 3 104.49048317191092
3 57 20.086714756716304
57 3 20.086714756716304
3 58 24.225410917347528
58 3 24.225410917347528
3 59 22.765268677589138
59 3 22.765268677589138
3 60 96.69178673855188
60 3 96.69178673855188
3 61 106.24695737512955
61 3 106.24695737512955
3 62 27.948515560503665
62 3 27.948515560503665
3 63 25.549896602380294
63 3 25.549896602380294
3 64 92.46545644518874
64 3 92.46545644518874
3 65 31.1798118837644
65 3 31.1798118837644
3 66 104.95233426657934
66 3 104.95233426657934
3 67 29.903139823309715
67 3 29.903139823309715
3 68 20.31378382118502
68 3 20.31378382118502
3 69 31.379603925550686
69 3 31.379603925550686
3 70 194.6744689794352
70 3 194.6744689794352
3 71 94.40010777014446
71 3 94.40010777014446
3 72 103.62466563227248
72 3 103.62466563227248
3 73 114.75125621755996
73 3 114.75125621755996
3 74 116.22319757827155
74 3 116.22319757827155
3 75 117.21338412128088
75 3 117.21338412128088
3 76 118.2344861790591
76 3 118.2344861790591
3 77 107.79636863164313
77 3 107.79636863164313
3 78 24.084003870970253
78 3 24.084003870970253
3 79 59.250127601313295
79 3 59.250127601313295
3 80 25.586592903746
80 3 25.586592903746
3 81 20.153481245156822
81 3 20.153481245156822
3 82 20.46349574736354
82 3 20.46349574736354
3 83 28.852093792174212
83 3 28.852093792174212
3 84 25.764446542170433
84 3 25.764446542170433
3 85 239.10488256559498
85 3 239.10488256559498
3 86 75.42013086227374
86 3 75.42013086227374
3 87 86.67086026622482
87 3 86.67086026622482
3 88 16.4942001437599
88 3 16.4942001437599
3 89 29.601632664794312
89 3 29.601632664794312
3 90 25.407799275958943
90 3 25.407799275958943
3 91 112.9941984240465
91 3 112.9941984240465
3 92 115.00972506972415
92 3 115.00972506972415
3 93 26.789473341654116
93 3 26.789473341654116
3 94 28.927764229445817
94 3 28.927764229445817
3 95 35.001285629580835
95 3 35.001285629580835
3 96 94.24244580334711
96 3 94.24244580334711
3 97 78.47504996347047
97 3 78.47504996347047
3 98 78.10793192085947
98 3 78.10793192085947
3 99 17.12439337957187
99 3 17.12439337957187
4 5 15.222109159585635
5 4 15.222109159585635
4 6 124.43975682773832
6 4 124.43975682773832
4 7 130.36137422504794
7 4 130.36137422504794
4 8 11.831758558015991
8 4 11.831758558015991
4 9 33.07210260708842
9 4 33.07210260708842
4 10 123.67348851898555
10 4 123.67348851898555
4 11 22.512901428990705
11 4 22.512901428990705
4 12 69.76249196570564
12 4 69.76249196570564
4 13 34.34127427356538
13 4 34.34127427356538
4 14 27.46396581414585
14 4 27.46396581414585
4 15 31.82779889635465
15 4 31.82779889635465
4 16 100.61122654610142
16 4 100.61122654610142
4 17 43.90393568405622
17 4 43.90393568405622
4 18 22.309409257566738
18 4 22.309409257566738
4 19 31.58558208986654
19 4 31.58558208986654
4 20 135.35762554485913
20 4 135.35762554485913
4 21 119.92395778625364
21 4 119.92395778625364
4 22 37.53734311799237
22 4 37.53734311799237
4 23 35.3339867635179
23 4 35.3339867635179
4 24 48.80702585667784
24 4 48.80702585667784
4 25 119.2495653919782
25 4 119.2495653919782
4 26 13.643671663794334
26 4 13.643671663794334
4 27 18.968533009020913
27 4 18.968533009020913
4 28 120.2155056286535
28 4 120.2155056286535
4 29 92.67805141110522
29 4 92.67805141110522
4 30 47.27586786408303
30 4 47.27586786408303
4 31 37.451469005800355
31 4 37.451469005800355
4 32 88.37547718713688
32 4 88.37547718713688
4 33 112.81707934668522
33 4 112.81707934668522
4 34 27.814710439966326
34 4 27.814710439966326
4 35 34.96880007644201
35 4 34.96880007644201
4 36 14.288709236914993
36 4 14.288709236914993
4 37 33.7202808898664
37 4 33.7202808898664
4 38 30.988234865384786
38 4 30.988234865384786
4 39 109.48058222346476
39 4 109.48058222346476
4 40 17.291059691444175
40 4 17.291059691444175
4 41 11.298783658764568
41 4 11.298783658764568
4 42 90.17596295295212
42 4 90.17596295295212
4 43 44.70376184131125
43 4 44.70376184131125
4 44 21.989901978855954
44 4 21.989901978855954
4 45 91.66928507225114
45 4 91.66928507225114
4 46 31.61254641590609
46 4 31.61254641590609
4 47 27.49178622796282
47 4 27.49178622796282
4 48 70.63435647597993
48 4 70.63435647597993
4 49 34.42502855554117
49 4 34.42502855554117
4 50 41.11521279155263
50 4 41.11521279155263
4 51 23.632670131709155
51 4 23.632670131709155
4 52 115.56240863832106
52 4 115.56240863832106
4 53 135.8550582350667
53 4 135.8550582350667
4 54 75.69832014464947
54 4 75.69832014464947
4 55 26.013543190502922
55 4 26.013543190502922
4 56 120.99988314298017
56 4 120.99988314298017
4 57 22.54837738167721
57 4 22.54837738167721
4 58 27.485509818955318
58 4 27.485509818955318
4 59 11.771972506196857
59 4 11.771972506196857
4 60 75.30393605278152
60 4 75.30393605278152
4 61 123.14658663933032
61 4 123.14658663933032
4 62 14.577798337169742
62 4 14.577798337169742
4 63 18.90980862325146
63 4 18.90980862325146
4 64 74.23288077835363
64 4 74.23288077835363
4 65 39.03117032105727
65 4 39.03117032105727
4 66 120.36260256878792
66 4 120.36260256878792
4 67 22.983211780679387
67 4 22.983211780679387
4 68 16.354794605880233
68 4 16.354794605880233
4 69 16.478305955341284
69 4 16.478305955341284
4 70 154.1477229233206
70 4 154.1477229233206
4 71 116.5802862542013
71 4 116.5802862542013
4 72 120.51478955695815
72 4 120.51478955695815
4 73 92.8906189554151
73 4 92.8906189554151
4 74 132.11307400805782
74 4 132.11307400805782
4 75 93.78734421416912
75 4 93.78734421416912
4 76 136.8958597849809
76 4 136.8958597849809
4 77 124.24889309635438
77 4 124.24889309635438
4 78 31.73195474498618
78 4 31.73195474498618
4 79 74.46687886846586
79 4 74.46687886846586
4 80 22.824976469482593
80 4 22.824976469482593
4 81 33.54520727924325
81 4 33.54520727924325
4 82 21.064678583036496
82 4 21.064678583036496
4 83 15.066841874589064
83 4 15.066841874589064
4 84 18.572829265995587
84 4 18.572829265995587
4 85 201.72324111226953
85 4 201.72324111226953
4 86 92.625578230013
86 4 92.625578230013
4 87 101.04706038274772
87 4 101.04706038274772
4 88 29.782511061589823
88 4 29.782511061589823
4 89 41.49586840078947
89 4 41.49586840078947
4 90 32.21150656706828
90 4 32.21150656706828
4 91 90.7765039921629
91 4 90.7765039921629
4 92 94.15860071545704
92 4 94.15860071545704
4 93 28.593295363761236
93 4 28.593295363761236
4 94 15.889704666517648
94 4 15.889704666517648
4 95 42.99912241629796
95 4 42.99912241629796
4 96 108.75167902652494
96 4 108.75167902652494
4 97 92.66467365378672
97 4 92.66467365378672
4 98 96.95034262136714
98 4 96.95034262136714
4 99 29.632711169509978
99 4 29.632711169509978
5 6 127.9700668926501
6 5 127.9700668926501
5 7 133.67350178482243
7 5 133.67350178482243
5 8 11.606803842084556
8 5 11.606803842084556
5 9 24.77078072236523
9 5 24.77078072236523
5 10 125.50397791820383
10 5 125.50397791820383
5 11 18.648793536510944
11 5 18.648793536510944
5 12 66.85761370177555
12 5 66.85761370177555
5 13 33.57193789811624
13 5 33.57193789811624
5 14 27.827598571866204
14 5 27.827598571866204
5 15 24.707042880164256
15 5 24.707042880164256
5 16 104.34240057844929
16 5 104.34240057844929
5 17 43.22034147055168
17 5 43.22034147055168
5 18 23.787043062580835
18 5 23.787043062580835
5 19 33.712538414753446
19 5 33.712538414753446
5 20 138.6806698828461
20 5 138.6806698828461
5 21 123.35227358195858
21 5 123.35227358195858
5 22 34.01310472045637
22 5 34.01310472045637
5 23 32.692110340090224
23 5 32.692110340090224
5 24 44.12720071075035
24 5 44.12720071075035
5 25 122.338244200227
25 5 122.338244200227
5 26 12.04616376819194
26 5 12.04616376819194
5 27 18.812819375597847
27 5 18.812819375597847
5 28 124.1302072944632
28 5 124.1302072944632
5 29 94.08502333281037
29 5 94.08502333281037
5 30 48.106622791110176
30 5 48.106622791110176
5 31 35.64517266090068
31 5 35.64517266090068
5 32 92.08994446657623
32 5 92.08994446657623
5 33 115.60524642389187
33 5 115.60524642389187
5 34 26.02161154218425
34 5 26.02161154218425
5 35 26.797144434312898
35 5 26.797144434312898
5 36 8.787802586162693
36 5 8.787802586162693
5 37 30.178042709560394
37 5 30.178042709560394
5 38 36.07355299280182
38 5 36.07355299280182
5 39 111.66730747092099
39 5 111.66730747092099
5 40 16.33441854410028
40 5 16.33441854410028
5 41 17.37879298821853
41 5 17.37879298821853
5 42 93.43648652512942
42 5 93.43648652512942
5 43 41.7598780014048
43 5 41.7598780014048
5 44 22.11662892716058
44 5 22.11662892716058
5 45 95.26127643757917
45 5 95.26127643757917
5 46 32.15240711898352
46 5 32.15240711898352
5 47 35.682090767967075
47 5 35.682090767967075
5 48 68.89570136416728
48 5 68.89570136416728
5 49 34.32442555296382
49 5 34.32442555296382
5 50 40.927834652930464
50 5 40.927834652930464
5 51 22.144361196289516
51 5 22.144361196289516
5 52 118.29284425582703
52 5 118.29284425582703
5 53 132.80915371388213
53 5 132.80915371388213
5 54 72.1194379680559
54 5 72.1194379680559
5 55 24.753592165887323
55 5 24.753592165887323
5 56 124.16285505554663
56 5 124.16285505554663
5 57 34.01557755749469
57 5 34.01557755749469
5 58 29.288412649045068
58 5 29.288412649045068
5 59 11.865402473608205
59 5 11.865402473608205
5 60 71.7050017217981
60 5 71.7050017217981
5 61 126.24371590038386
61 5 126.24371590038386
5 62 12.683505960956724
62 5 12.683505960956724
5 63 21.66812125795086
63 5 21.66812125795086
5 64 71.19608486045321
64 5 71.19608486045321
5 65 42.56848597377667
65 5 42.56848597377667
5 66 122.36449173170651
66 5 122.36449173170651
5 67 24.099243155428493
67 5 24.099243155428493
5 68 25.91401518808231
68 5 25.91401518808231
5 69 18.059632507470933
69 5 18.059632507470933
5 70 151.25852716852935
70 5 151.25852716852935
5 71 116.64462048767108
71 5 116.64462048767108
5 72 122.93298564564722
72 5 122.93298564564722
5 73 90.70691142367926
73 5 90.70691142367926
5 74 134.67723745851995
74 5 134.67723745851995
5 75 90.15006110897508
75 5 90.15006110897508
5 76 140.2505113022499
76 5 140.2505113022499
5 77 125.80874875564871
77 5 125.80874875564871
5 78 29.44173186628228
78 5 29.44173186628228
5 79 76.06246607591767
79 5 76.06246607591767
5 80 28.88441276679307
80 5 28.88441276679307
5 81 36.36817361066013
81 5 36.36817361066013
5 82 19.366555538000764
82 5 19.366555538000764
5 83 9.78476322028807
83 5 9.78476322028807
5 84 22.959581292693965
84 5 22.959581292693965
5 85 198.9327231808654
85 5 198.9327231808654
5 86 94.6066607456593
86 5 94.6066607456593
5 87 103.17367400229342
87 5 103.17367400229342
5 88 30.968506260059268
88 5 30.968506260059268
5 89 39.27075051294584
89 5 39.27075051294584
5 90 36.229950304302136
90 5 36.229950304302136
5 91 88.42010572142576
91 5 88.42010572142576
5 92 89.98350148245103
92 5 89.98350148245103
5 93 40.25865850710453
93 5 40.25865850710453
5 94 15.543433365210035
94 5 15.543433365210035
5 95 48.75426457798117
95 5 48.75426457798117
5 96 111.881457900345
96 5 111.881457900345
5 97 95.67177130879277
97 5 95.67177130879277
5 98 100.15569204713955
98 5 100.15569204713955
5 99 34.48309025370905
99 5 34.48309025370905
6 7 25.38466376297413
7 6 25.38466376297413
6 8 123.18197954002409
8 6 123.18197954002409
6 9 115.26977047173196
9 6 115.26977047173196
6 10 32.464946216453015
10 6 32.464946216453015
6 11 140.64887379666226
11 6 140.64887379666226
6 12 187.07994140839384
12 6 187.07994140839384
6 13 99.6601327979257
13 6 99.6601327979257
6 14 111.94857327242487
14 6 111.94857327242487
6 15 132.8939338041164
15 6 132.8939338041164
6 16 31.728662250968053
16 6 31.728662250968053
6 17 93.33586817087861
17 6 93.33586817087861
6 18 128.8119772611528
18 6 128.8119772611528
6 19 115.82617692684418
19 6 115.82617692684418
6 20 28.337450707975567
20 6 28.337450707975567
6 21 23.314882246859153
21 6 23.314882246859153
6 22 154.13630569867868
22 6 154.13630569867868
6 23 126.26241008157338
23 6 126.26241008157338
6 24 162.21268315248253
24 6 162.21268315248253
6 25 34.592095997021886
25 6 34.592095997021886
6 26 121.45561062422155
26 6 121.45561062422155
6 27 128.1483429352002
27 6 128.1483429352002
6 28 22.671896835655055
28 6 22.671896835655055
6 29 37.62336271550501
29 6 37.62336271550501
6 30 157.14110135378274
30 6 157.14110135378274
6 31 98.62515837770704
31 6 98.62515837770704
6 32 45.306181611174715
32 6 45.306181611174715
6 33 25.217460717403867
33 6 25.217460717403867
6 34 106.27720510692471
34 6 106.27720510692471
6 35 133.3787142599685
35 6 133.3787142599685
6 36 132.16778514508923
36 6 132.16778514508923
6 37 150.44086852869887
37 6 150.44086852869887
6 38 109.8161577862565
38 6 109.8161577862565
6 39 23.689744181911877
39 6 23.689744181911877
6 40 135.21143993403544
40 6 135.21143993403544
6 41 124.87022109944354
41 6 124.87022109944354
6 42 45.24713981473977
42 6 45.24713981473977
6 43 158.92820156695444
43 6 158.92820156695444
6 44 110.92176938097751
44 6 110.92176938097751
6 45 43.27796367970848
45 6 43.27796367970848
6 46 104.17722380782374
46 6 104.17722380782374
6 47 109.9620111073563
47 6 109.9620111073563
6 48 187.77304563505118
48 6 187.77304563505118
6 49 109.87814250513425
49 6 109.87814250513425
6 50 94.6359576846562
50 6 94.6359576846562
6 51 117.92575965515492
51 6 117.92575965515492
6 52 33.23755319931746
52 6 33.23755319931746
6 53 249.35977123628112
53 6 249.35977123628112
6 54 189.51599794912832
54 6 189.51599794912832
6 55 108.4694105074954
55 6 108.4694105074954
6 56 12.919373060384965
56 6 12.919373060384965
6 57 111.51346380677397
57 6 111.51346380677397
6 58 112.63889483744057
58 6 112.63889483744057
6 59 123.33782559828457
59 6 123.33782559828457
6 60 193.1294420660955
60 6 193.1294420660955
6 61 27.06155091211284
61 6 27.06155091211284
6 62 121.70876532556463
62 6 121.70876532556463
6 63 122.95976384962577
63 6 122.95976384962577
6 64 187.58230911512504
64 6 187.58230911512504
6 65 93.82530538685067
65 6 93.82530538685067
6 66 12.70429023221452
66 6 12.70429023221452
6 67 121.53046158204585
67 6 121.53046158204585
6 68 117.44094212270541
68 6 117.44094212270541
6 69 127.2341666531039
69 6 127.2341666531039
6 70 266.02912207704094
70 6 266.02912207704094
6 71 31.2041009634799
71 6 31.2041009634799
6 72 24.119411297052306
72 6 24.119411297052306
6 73 205.49115652861968
73 6 205.49115652861968
6 74 29.978409625504277
74 6 29.978409625504277
6 75 205.42911021885658
75 6 205.42911021885658
6 76 35.48519082222572
76 6 35.48519082222572
6 77 37.64974979773863
77 6 37.64974979773863
6 78 110.35755990377822
78 6 110.35755990377822
6 79 60.74748649739569
79 6 60.74748649739569
6 80 112.16732850053515
80 6 112.16732850053515
6 81 99.55282092306143
81 6 99.55282092306143
6 82 118.96195634995907
82 6 118.96195634995907
6 83 125.93908549937065
83 6 125.93908549937065
6 84 118.2207178652832
84 6 118.2207178652832
6 85 309.3345798168602
85 6 309.3345798168602
6 86 32.862750168172305
86 6 32.862750168172305
6 87 33.477097731880065
87 6 33.477097731880065
6 88 104.26681842157036
88 6 104.26681842157036
6 89 97.5025721037672
89 6 97.5025721037672
6 90 101.67079975334981
90 6 101.67079975334981
6 91 203.7550382212209
91 6 203.7550382212209
6 92 204.87717045821532
92 6 204.87717045821532
6 93 114.61309693070957
93 6 114.61309693070957
6 94 118.64455843330147
94 6 118.64455843330147
6 95 87.2462128855153
95 6 87.2462128855153
6 96 30.60727180307244
96 6 30.60727180307244
6 97 51.57071975426502
97 6 51.57071975426502
6 98 41.71772191615986
98 6 41.71772191615986
6 99 107.17639764489734
99 6 107.17639764489734
7 8 127.49627334905053
8 7 127.49627334905053
7 9 116.5917558307314
9 7 116.5917558307314
7 10 22.60202454497739
10 7 22.60202454497739
7 11 145.29901900314022
11 7 145.29901900314022
7 12 193.0271218364996
12 7 193.0271218364996
7 13 105.36116463711713
13 7 105.36116463711713
7 14 117.10222502334597
14 7 117.10222502334597
7 15 138.10684871059965
15 7 138.10684871059965
7 16 40.45082226117863
16 7 40.45082226117863
7 17 100.21933015760624
17 7 100.21933015760624
7 18 133.85654241748838
18 7 133.85654241748838
7 19 118.73365095013921
19 7 118.73365095013921
7 20 22.924482969808587
20 7 22.924482969808587
7 21 16.226200606046607
21 7 16.226200606046607
7 22 160.6343632934912
22 7 160.6343632934912
7 23 130.7217431191341
23 7 130.7217431191341
7 24 166.64825774580197
24 7 166.64825774580197
7 25 35.20387668296828
25 7 35.20387668296828
7 26 127.49752778580796
26 7 127.49752778580796
7 27 132.0350209348032
27 7 132.0350209348032
7 28 36.37662590116501
28 7 36.37662590116501
7 29 46.58722672342045
29 7 46.58722672342045
7 30 166.0865596370397
30 7 166.0865596370397
7 31 104.41766483017096
31 7 104.41766483017096
7 32 46.847985513897456
32 7 46.847985513897456
7 33 31.84405582228777
33 7 31.84405582228777
7 34 110.46541807217086
34 7 110.46541807217086
7 35 137.1807174641237
35 7 137.1807174641237
7 36 134.54054287289077
36 7 134.54054287289077
7 37 153.7819131852154
37 7 153.7819131852154
7 38 114.33011113058684
38 7 114.33011113058684
7 39 29.39714370561775
39 7 29.39714370561775
7 40 142.10726176708835
40 7 142.10726176708835
7 41 129.3797865381524
41 7 129.3797865381524
7 42 48.009641131504004
42 7 48.009641131504004
7 43 164.50105980091834
43 7 164.50105980091834
7 44 118.24459149642502
44 7 118.24459149642502
7 45 53.991271490633586
45 7 53.991271490633586
7 46 110.79081616697285
46 7 110.79081616697285
7 47 111.44715666322716
47 7 111.44715666322716
7 48 194.49547526797022
48 7 194.49547526797022
7 49 110.70403466344763
49 7 110.70403466344763
7 50 100.93881415818315
50 7 100.93881415818315
7 51 121.61313477946811
51 7 121.61313477946811
7 52 27.526669658552983
52 7 27.526669658552983
7 53 259.8217554863687
53 7 259.8217554863687
7 54 194.0465093310037
54 7 194.0465093310037
7 55 115.42259097596836
55 7 115.42259097596836
7 56 29.159803613489316
56 7 29.159803613489316
7 57 115.71176877946137
57 7 115.71176877946137
7 58 119.42384024444496
58 7 119.42384024444496
7 59 129.67593695656123
59 7 129.67593695656123
7 60 198.88094877507984
60 7 198.88094877507984
7 61 29.2701268442892
61 7 29.2701268442892
7 62 127.44968394501967
62 7 127.44968394501967
7 63 125.05017632099027
63 7 125.05017632099027
7 64 194.33893536432223
64 7 194.33893536432223
7 65 101.11624307793862
65 7 101.11624307793862
7 66 29.200191164080515
66 7 29.200191164080515
7 67 127.02928850115813
67 7 127.02928850115813
7 68 122.76761806090806
68 7 122.76761806090806
7 69 133.28568010849915
69 7 133.28568010849915
7 70 275.83114558657644
70 7 275.83114558657644
7 71 37.91631854841514
71 7 37.91631854841514
7 72 26.72669283708858
72 7 26.72669283708858
7 73 214.31115724385617
73 7 214.31115724385617
7 74 24.470071781018106
74 7 24.470071781018106
7 75 214.16803963973035
75 7 214.16803963973035
7 76 40.859148440657265
76 7 40.859148440657265
7 77 32.15999614346113
77 7 32.15999614346113
7 78 117.15247043513479
78 7 117.15247043513479
7 79 63.716226233640484
79 7 63.716226233640484
7 80 120.19157245531741
80 7 120.19157245531741
7 81 103.41124458391968
81 7 103.41124458391968
7 82 123.6459633988864
82 7 123.6459633988864
7 83 131.70951328317278
83 7 131.70951328317278
7 84 121.72747176231583
84 7 121.72747176231583
7 85 320.19113178605465
85 7 320.19113178605465
7 86 46.8727294777136
86 7 46.8727294777136
7 87 32.78694869770843
87 7 32.78694869770843
7 88 109.64769670485772
88 7 109.64769670485772
7 89 104.0556616714577
89 7 104.0556616714577
7 90 107.1131814286686
90 7 107.1131814286686
7 91 212.22674377179615
91 7 212.22674377179615
7 92 213.63915545036724
92 7 213.63915545036724
7 93 117.82646132466328
93 7 117.82646132466328
7 94 124.11484625924615
94 7 124.11484625924615
7 95 93.34027211933945
95 7 93.34027211933945
7 96 36.97327001986036
96 7 36.97327001986036
7 97 48.64213196440856
97 7 48.64213196440856
7 98 47.116129376345775
98 7 47.116129376345775
7 99 114.23986187765396
99 7 114.23986187765396
8 9 24.654052734935764
9 8 24.654052734935764
8 10 120.80674758753243
10 8 120.80674758753243
8 11 25.178356368538733
11 8 25.178356368538733
8 12 72.1952296699585
12 8 72.1952296699585
8 13 27.920748282723217
13 8 27.920748282723217
8 14 24.31501434652829
14 8 24.31501434652829
8 15 33.13629632180545
15 8 33.13629632180545
8 16 98.86127753367526
16 8 98.86127753367526
8 17 45.5874146326585
17 8 45.5874146326585
8 18 25.241137619891365
18 8 25.241137619891365
8 19 20.63169128721273
19 8 20.63169128721273
8 20 132.1282730523819
20 8 132.1282730523819
8 21 117.30095088677106
21 8 117.30095088677106
8 22 39.64594065172663
22 8 39.64594065172663
8 23 35.38357857110426
23 8 35.38357857110426
8 24 48.69779719258113
24 8 48.69779719258113
8 25 118.3721177867167
25 8 118.3721177867167
8 26 11.724407786809438
26 8 11.724407786809438
8 27 22.25641877266062
27 8 22.25641877266062
8 28 116.76682537003114
28 8 116.76682537003114
8 29 88.95458877995456
29 8 88.95458877995456
8 30 48.432456606575606
30 8 48.432456606575606
8 31 40.322515157192996
31 8 40.322515157192996
8 32 86.26399921590733
32 8 86.26399921590733
8 33 109.1879392625655
33 8 109.1879392625655
8 34 25.45683875767676
34 8 25.45683875767676
8 35 33.07603514637087
35 8 33.07603514637087
8 36 17.806045038975146
36 8 17.806045038975146
8 37 37.215729145996036
37 8 37.215729145996036
8 38 25.336500091394125
38 8 25.336500091394125
8 39 105.211091522221
39 8 105.211091522221
8 40 21.973663762848144
40 8 21.973663762848144
8 41 17.288898383228503
41 8 17.288898383228503
8 42 87.06485460861781
42 8 87.06485460861781
8 43 47.76856370583817
43 8 47.76856370583817
8 44 16.341279187516896
44 8 16.341279187516896
8 45 88.54317368404558
45 8 88.54317368404558
8 46 24.067703405630578
46 8 24.067703405630578
8 47 30.643424156569807
47 8 30.643424156569807
8 48 73.66431094140893
48 8 73.66431094140893
8 49 31.24563694610495
49 8 31.24563694610495
8 50 34.633798240399045
50 8 34.633798240399045
8 51 24.60727671209298
51 8 24.60727671209298
8 52 116.60400211835497
52 8 116.60400211835497
8 53 139.55789781415965
53 8 139.55789781415965
8 54 76.01893163130104
54 8 76.01893163130104
8 55 19.91216949093761
55 8 19.91216949093761
8 56 119.25628123028433
56 8 119.25628123028433
8 57 29.16857263490874
57 8 29.16857263490874
8 58 22.725127095721422
58 8 22.725127095721422
8 59 11.990474927059218
59 8 11.990474927059218
8 60 79.18683338701229
60 8 79.18683338701229
8 61 121.9817386021915
61 8 121.9817386021915
8 62 19.75846616695947
62 8 19.75846616695947
8 63 21.324325214556037
63 8 21.324325214556037
8 64 75.74319340517424
64 8 75.74319340517424
8 65 40.343446795649044
65 8 40.343446795649044
8 66 118.27609679018211
66 8 118.27609679018211
8 67 20.23583136969826
67 8 20.23583136969826
8 68 16.36348642660441
68 8 16.36348642660441
8 69 23.83285669477936
69 8 23.83285669477936
8 70 159.65830797522307
70 8 159.65830797522307
8 71 116.88767310310185
71 8 116.88767310310185
8 72 117.67743976466461
72 8 117.67743976466461
8 73 96.46723073808356
73 8 96.46723073808356
8 74 130.221454149389
74 8 130.221454149389
8 75 95.63242335528061
75 8 95.63242335528061
8 76 133.54229684376614
76 8 133.54229684376614
8 77 120.84314822429327
77 8 120.84314822429327
8 78 24.965657688195652
78 8 24.965657688195652
8 79 74.44085503292149
79 8 74.44085503292149
8 80 27.874649798840597
80 8 27.874649798840597
8 81 31.137030385974317
81 8 31.137030385974317
8 82 17.74524556430042
82 8 17.74524556430042
8 83 11.935114793456053
83 8 11.935114793456053
8 84 24.85891654762098
84 8 24.85891654762098
8 85 208.90491214467656
85 8 208.90491214467656
8 86 90.11497242528628
86 8 90.11497242528628
8 87 98.8451498032226
87 8 98.8451498032226
8 88 27.60295918166674
88 8 27.60295918166674
8 89 40.9874867599326
89 8 40.9874867599326
8 90 29.478216141119034
90 8 29.478216141119034
8 91 94.83905760074953
91 8 94.83905760074953
8 92 95.64619484999942
92 8 95.64619484999942
8 93 25.703627527072936
93 8 25.703627527072936
8 94 16.995322892415896
94 8 16.995322892415896
8 95 40.955424847280376
95 8 40.955424847280376
8 96 105.97764723350028
96 8 105.97764723350028
8 97 88.08061547468044
97 8 88.08061547468044
8 98 94.16375526972294
98 8 94.16375526972294
